
// bricks information

s sqTiles.gif 5


// -----------
   11111
       11111
          11111
             111
           222222222
                   111    
                    2222
                      11111
                          444                  1111111111
                              444  
                  444            11111  
     222     23333  2     33          22222
00 0001133330000002222233333  333 2222222223333301
0000000001110000000000222000000000330000011111122222223411
// -----------
