
// bricks information

s tiles.gif 5


// -----------
44444
                                  222222222
                                111    
                                2222
                             11111
                          444
                          444  
        22222          444                      111
     1111112222222     23333  2     33      44444444
00 000111333333000000222222233333  333 2222222223333301
00000000011100000000002220000000003300000111111222222234
// -----------
